IntegerData.txt打印数据：
5 3 11 23 8 35 24 30 19 32

链表反转后,打印数据：
32 19 30 24 8 35 23 11 3 5

再次链表反转后,打印数据：
5 3 11 23 8 35 24 30 19 32

MergeData.txt打印数据：
1 2 4 6 7

合并后：
5 3 11 23 8 35 24 30 19 32 1 2 4 6 7

对数据排序后，打印数据：
1 2 3 4 5 6 7 8 11 19 23 24 30 32 35

删除第一个节点后,打印数据：
2 3 4 5 6 7 8 11 19 23 24 30 32 35

向前插入5打印数据：
5 2 3 4 5 6 7 8 11 19 23 24 30 32 35

第一个节点数据是：5
C:\Users\mqz\source\repos\ConsoleApplication33\Debug\ConsoleApplication33.exe (进程 19964)已退出，代码为 0。
按任意键关闭此窗口. .